1 2 30
29 12 51
23 16 54
14 15 60
15 14 60
35 36 67
4 30 78
12 13 86
29 28 90
4 5 96
16 17 109
2 3 62
16 15 52
15 16 52
30 31 42
36 37 60
22 23 158
12 13 86
14 13 112
3 4 68
5 25 95
17 18 82
37 38 39
15 14 60
13 14 112
28 27 119
23 16 54
31 32 76
16 17 110
13 14 112
25 26 60
32 33 28
13 12 86
14 15 60
16 15 52
18 19 79
4 5 97
27 33 81
14 13 112
17 18 82
19 20 39
12 29 52
14 15 61
15 16 53
15 14 61
33 27 81
26 27 85
5 6 51
20 21 35
38 29 214
15 16 52
13 12 86
16 34 60
18 19 79
33 31 131
6 7 55
29 28 90
29 12 52
21 22 59
19 20 39
27 28 119
27 28 119
34 16 60
31 30 42
12 24 70
16 17 110
7 8 93
20 21 35
14 24 202
16 15 52
12 13 86
28 27 119
30 4 78
28 29 90
28 29 90
8 9 49
21 22 59
17 18 82
22 23 158
15 14 60
24 10 89
29 12 52
29 12 52
27 26 85
9 10 53
4 30 78
13 14 112
23 16 54
18 19 79
10 9 53
30 31 42
24 38 259
26 25 60
12 13 86
12 13 86
14 13 112
14 15 60
16 15 52
19 20 39
10 11 85
22 23 158
9 8 49
38 37 39
