1
30
КСМ
2
256
4
52.116132
23.790687
2
30
Гоздецкого
3 1
421 256
4
52.114662
23.787512
3
30
Православный храм Всецарица
4 2
648 421
4
52.112901
23.782008
4
30
Дворец спорта Виктория
5 3 30
866 648 768
4 3 2
52.114202
23.774201
5
30
Савушкин продукт
6 4 25
449 866 879
4 3
52.112041
23.763255
6
30
Пожарное депо
7 5
428 449
4
52.110814
23.757006
7
30
Автошкола
8 6
840 428
4
52.109885
23.750543
8
30
Рембыттехника
9 7
456 840
4
52.105763
23.740327
9
30
Чулочный комбинат
10 8
506 456
4
52.103120
23.734879
10
30
Ковры Бреста
11 9
429 506
4
52.100279
23.728989
11
30
Высокая
12 10
731 429
4
52.097579
23.729949
12
30
Центр молодёжного творчества
13 11 29 24
486 731 575 345
4 3 2 8
52.092912
23.728402
13
30
Зелёная
14 12
964 486
4 3 2 8
52.091511
23.721304
14
30
Мопра
15 13 24
393 964 1800
4 3 2 8
52.088843
23.708287
15
30
Проспект Машерова
16 14
459 393
4 3 2 8
52.087706
23.702584
16
30
Центральный универмаг
17 15 34
770 459 608
4 3 2 8
52.086556
23.696213
17
30
Карла Маркса
18 16
449 770
4 3 8
52.088624
23.689032
18
30
Гимназия №1
19 17
580 449
4 3 8
52.092516
23.688450
19
30
Промстройбанк
20 18
365 580
4 3 8
52.096966
23.683662
20
30
Орджоникидзе
21 19
285 365
4 3 8
52.098536
23.684729
21
30
Комсомольская
22 20
301 285
4 3 8
52.096358
23.686970
22
30
Маяковского
23 21
838 301
4 3 8
52.094030
23.689344
23
30
Спортивная школа
16 22
303 838
4 3 8
52.087152
23.693419
24
30
Беларусбанк
14 10 38 12
1800 843 1406 345
4 8
52.094267
23.732064
25
30
Торговый центр Восток
26 5
685 879
3
52.106914
23.760064
26
30
Партизанский проспект
27 25
497 685
3
52.101036
23.763140
27
30
Технический Университет
28 26 33
850 497 838
3 2
52.098773
23.759175
28
30
Богданчука
29 27
722 850
3 2
52.096361
23.747048
29
30
Завод
12 28 38
575 722 1855
3 2 8
52.094401
23.737051
30
30
Гаврилова
31 4
440 768
2
52.109294
23.773320
31
30
ФОК
32 30 33
497 440 787
2
52.105577
23.775241
32
30
Детский городок
33 31
300 497
2
52.102010
23.775217
33
30
Парк Воинов-интернационалистов
27 32 31
838 300 787
2
52.101053
23.770884
34
30
Свердлова
16
608
2
52.087111
23.690192
35
30
Цветотрон
36
661
8
52.069775
23.751024
36
30
Центральная
37 35
454 661
8
52.073982
23.744217
37
30
28-го Июля
38 36
390 454
8
52.077090
23.739984
38
30
Гребной канал
29 37
1855 390
8
52.080440
23.738156