0.5199 0.6789 0.4407 0.317 0.675 0.4965 0.3031 0.3269 0.468 0.6976 0.4381 0.3128 0.6207 0.3353 0.6955 0.3427 0.3124 0.4333 0.3608 0.5279 0.5041 0.5221 0.4184 0.6955 0.6668 0.6875 0.4717 0.3791 0.6654 0.5951 0.3431 0.4906 0.6204 0.4344 0.5831 0.6181 0.5295 0.5738 0.5333 0.4382 0.3244 0.6481 0.5603 0.5066 0.4056 0.5556 0.3519 0.5872
0.4181 0.528 0.5735 0.4154 0.6336 0.5638 0.6517 0.6978 0.5605 0.4452 0.3502 0.6875 0.3248 0.624 0.3614 0.5728 0.6544 0.6474 0.3924 0.4863 0.4521 0.3774 0.5132 0.4386 0.5999 0.6226 0.5034 0.556 0.6618 0.6117 0.5898 0.4111 0.6355 0.5845 0.6609 0.4373 0.3216 0.6276 0.557 0.3565 0.4826 0.5852 0.3575 0.3843 0.5236 0.5458 0.4134 0.4004
0.5866 0.6874 0.5521 0.4582 0.4632 0.5655 0.435 0.3407 0.3148 0.4348 0.5154 0.311 0.3604 0.3957 0.336 0.6487 0.5553 0.639 0.3519 0.4402 0.663 0.6241 0.5511 0.3267 0.3904 0.3358 0.3037 0.5669 0.3198 0.4289 0.615 0.3541 0.5092 0.4029 0.6693 0.6743 0.3596 0.4316 0.6479 0.37 0.4495 0.6202 0.4225 0.5868 0.4122 0.5459 0.6961 0.3868
0.5491 0.4087 0.5289 0.5845 0.4938 0.6731 0.4374 0.6625 0.4363 0.5253 0.3678 0.4273 0.5617 0.5681 0.3209 0.5859 0.5198 0.4613 0.5018 0.6574 0.4264 0.3617 0.5891 0.4237 0.691 0.6818 0.6907 0.3427 0.5016 0.6643 0.6145 0.5444 0.3397 0.6168 0.3177 0.611 0.5999 0.3304 0.5602 0.536 0.6655 0.3067 0.5379 0.5342 0.3638 0.5206 0.5082 0.5814
0.5993 0.5365 0.367 0.6508 0.3441 0.3387 0.6604 0.4874 0.5196 0.4052 0.5935 0.512 0.6824 0.3946 0.4609 0.4719 0.6107 0.5233 0.3875 0.6449 0.5503 0.4098 0.6859 0.4893 0.6011 0.6658 0.6918 0.4196 0.5237 0.3548 0.3599 0.4704 0.4735 0.4093 0.4434 0.665 0.5973 0.6636 0.5003 0.301 0.6563 0.5303 0.3914 0.4947 0.4369 0.3482 0.5536 0.5708
0.5458 0.366 0.6234 0.5404 0.433 0.5633 0.331 0.4894 0.5506 0.5776 0.3497 0.3782 0.3468 0.5408 0.6636 0.4647 0.3453 0.4231 0.3384 0.573 0.6512 0.4959 0.5746 0.6471 0.3229 0.3865 0.6885 0.32 0.3184 0.4912 0.3524 0.5528 0.4122 0.421 0.5738 0.4577 0.4314 0.5194 0.3373 0.6102 0.3783 0.654 0.4143 0.3196 0.6138 0.422 0.6541 0.4155
0.5666 0.6266 0.4493 0.3137 0.3097 0.6805 0.6196 0.3498 0.4913 0.6763 0.5174 0.3464 0.5748 0.3109 0.471 0.3594 0.5252 0.4969 0.666 0.6258 0.6669 0.5058 0.3333 0.5258 0.3857 0.4282 0.4947 0.6972 0.3815 0.5549 0.3332 0.6009 0.4324 0.5729 0.4533 0.3917 0.3418 0.3386 0.543 0.4316 0.5013 0.5239 0.6663 0.455 0.3019 0.6909 0.3353 0.3673
0.4829 0.3549 0.4944 0.4169 0.4559 0.3282 0.4486 0.3607 0.5933 0.6234 0.628 0.5815 0.4857 0.6223 0.6682 0.6364 0.6431 0.6165 0.614 0.3019 0.5575 0.3792 0.3175 0.4865 0.6538 0.5343 0.4244 0.4429 0.5394 0.5782 0.5239 0.3948 0.3928 0.4274 0.5142 0.3266 0.3604 0.6162 0.4449 0.4041 0.4243 0.3926 0.4984 0.4183 0.4106 0.6615 0.6459 0.5789
0.5557 0.3299 0.5119 0.3854 0.3769 0.3334 0.5097 0.4037 0.3373 0.3079 0.4631 0.6216 0.6037 0.3056 0.5212 0.315 0.3995 0.5331 0.4886 0.3583 0.4081 0.6416 0.5759 0.3268 0.4716 0.5098 0.5776 0.4649 0.5808 0.5991 0.3759 0.6922 0.5884 0.5454 0.5872 0.5095 0.3662 0.4385 0.3179 0.3594 0.6176 0.4105 0.6892 0.3525 0.4531 0.5233 0.5003 0.4186
0.5713 0.4833 0.3188 0.5774 0.4728 0.5876 0.4708 0.614 0.454 0.4851 0.6137 0.567 0.4558 0.3448 0.5229 0.4382 0.632 0.4708 0.3331 0.3582 0.4184 0.3117 0.6487 0.661 0.5152 0.4292 0.4406 0.6976 0.6523 0.5233 0.5737 0.6483 0.3094 0.4589 0.5936 0.3974 0.5803 0.4984 0.5194 0.3008 0.3746 0.6731 0.3554 0.5811 0.5247 0.4508 0.6036 0.5728
0.5875 0.551 0.4205 0.6822 0.4901 0.442 0.3001 0.5595 0.5345 0.3577 0.3622 0.3436 0.4469 0.4731 0.6617 0.6306 0.6114 0.6654 0.5576 0.6968 0.4511 0.4254 0.5578 0.4335 0.6514 0.3323 0.6836 0.4453 0.6563 0.3676 0.4363 0.3643 0.5255 0.5677 0.41 0.4013 0.4028 0.5914 0.4581 0.5673 0.4588 0.334 0.5628 0.5225 0.4362 0.4757 0.5538 0.6014
0.3114 0.4247 0.6697 0.5592 0.5932 0.6068 0.4216 0.462 0.6931 0.6869 0.3308 0.4578 0.4584 0.5548 0.6032 0.4669 0.6214 0.6978 0.5181 0.5791 0.3631 0.5603 0.5278 0.3199 0.5072 0.6902 0.5379 0.417 0.5625 0.3352 0.6973 0.4756 0.4784 0.3821 0.4338 0.5315 0.3979 0.577 0.4711 0.6187 0.4461 0.6479 0.4081 0.4159 0.5606 0.3003 0.4089 0.6039
0.4308 0.3959 0.601 0.4383 0.6576 0.6747 0.5383 0.451 0.5969 0.6497 0.3519 0.603 0.3688 0.3045 0.5994 0.6578 0.6895 0.5551 0.6794 0.3763 0.4209 0.3716 0.3689 0.3444 0.5267 0.5993 0.433 0.4151 0.4522 0.4118 0.4593 0.5069 0.5812 0.634 0.6862 0.4666 0.4342 0.559 0.518 0.5036 0.5437 0.6828 0.6345 0.4481 0.525 0.568 0.5498 0.4415
0.3484 0.4502 0.4264 0.3054 0.3209 0.3326 0.4829 0.3592 0.3269 0.5566 0.6115 0.3582 0.5416 0.4232 0.6988 0.4851 0.4904 0.545 0.3217 0.4347 0.3183 0.4328 0.5236 0.4304 0.337 0.4757 0.5325 0.4381 0.437 0.6208 0.5193 0.6587 0.3494 0.6915 0.3666 0.3019 0.6854 0.4538 0.486 0.5486 0.451 0.6269 0.4396 0.5775 0.6474 0.4598 0.662 0.4205
0.684 0.4494 0.6577 0.6799 0.5462 0.4151 0.4231 0.6155 0.6265 0.6959 0.6683 0.5451 0.5 0.3447 0.6221 0.4061 0.3372 0.6528 0.3087 0.5501 0.3565 0.6968 0.4996 0.3365 0.359 0.4731 0.6836 0.3913 0.6932 0.6461 0.483 0.5772 0.5137 0.4119 0.4541 0.6876 0.6631 0.5393 0.4124 0.6343 0.5683 0.451 0.3754 0.6895 0.4854 0.6408 0.3485 0.4062
0.3048 0.3335 0.5402 0.6945 0.451 0.4118 0.3639 0.6871 0.6498 0.6211 0.6209 0.3731 0.4314 0.3318 0.6223 0.6804 0.5128 0.3911 0.3314 0.388 0.5906 0.6345 0.4429 0.4978 0.5404 0.3743 0.6818 0.6054 0.6214 0.51 0.551 0.4181 0.4245 0.5773 0.3865 0.6597 0.4058 0.4884 0.4261 0.4018 0.348 0.4669 0.3377 0.3419 0.6184 0.3393 0.5029 0.5364
0.5287 0.3949 0.4767 0.3943 0.6093 0.6604 0.5156 0.3702 0.5905 0.3423 0.4541 0.3767 0.4299 0.4585 0.3657 0.4397 0.3701 0.5028 0.6485 0.554 0.6452 0.6626 0.5745 0.3243 0.6649 0.6295 0.34 0.4236 0.5967 0.401 0.5794 0.5011 0.5713 0.4453 0.3767 0.5264 0.3333 0.4566 0.5087 0.4641 0.3617 0.3162 0.3691 0.3634 0.3343 0.3494 0.6718 0.5894
0.4012 0.598 0.6718 0.4156 0.3908 0.6489 0.5911 0.566 0.5203 0.4523 0.4294 0.6797 0.6203 0.3919 0.4735 0.4895 0.4629 0.653 0.5053 0.6846 0.3817 0.5392 0.4063 0.6134 0.694 0.4843 0.4922 0.629 0.5934 0.5111 0.69 0.6154 0.6577 0.4506 0.3224 0.6987 0.4291 0.4638 0.4102 0.6224 0.5541 0.5106 0.3061 0.581 0.3271 0.5289 0.5437 0.6698
0.5427 0.5796 0.6005 0.3813 0.5441 0.6872 0.5077 0.5619 0.4916 0.3584 0.4215 0.6064 0.4567 0.6621 0.6725 0.3092 0.4623 0.514 0.322 0.4697 0.3694 0.4747 0.3603 0.699 0.5427 0.5829 0.4304 0.571 0.5331 0.5253 0.5862 0.465 0.6405 0.5224 0.3863 0.3138 0.6105 0.6086 0.3712 0.6704 0.6428 0.4605 0.5071 0.3707 0.3422 0.5038 0.4657 0.592
0.538 0.6968 0.4187 0.5131 0.5069 0.374 0.6003 0.3679 0.5192 0.6014 0.5386 0.6612 0.5568 0.6366 0.3287 0.6662 0.4721 0.6565 0.6658 0.6342 0.5758 0.6587 0.3986 0.5536 0.4427 0.3516 0.5268 0.6089 0.6675 0.6896 0.6568 0.3388 0.4171 0.5384 0.3329 0.5363 0.4066 0.373 0.6581 0.5665 0.6221 0.3183 0.4945 0.3091 0.37 0.41 0.4135 0.3062
0.4317 0.5408 0.5985 0.3856 0.5379 0.5314 0.3162 0.5793 0.5982 0.565 0.3704 0.4552 0.5471 0.6914 0.4003 0.5296 0.6445 0.4997 0.544 0.3184 0.6036 0.4924 0.5596 0.3991 0.6984 0.3993 0.3121 0.5574 0.4642 0.3895 0.4835 0.3326 0.6381 0.5206 0.4771 0.4266 0.3911 0.5711 0.5008 0.5857 0.5221 0.4536 0.6381 0.5415 0.3026 0.5029 0.3193 0.6307
0.6179 0.6648 0.3645 0.5703 0.566 0.3951 0.4025 0.6393 0.6812 0.4994 0.3872 0.4386 0.5193 0.4587 0.415 0.5086 0.3814 0.3377 0.5171 0.3265 0.5142 0.6736 0.4385 0.3734 0.6988 0.6583 0.4962 0.45 0.5543 0.318 0.3964 0.4955 0.3799 0.3814 0.6395 0.4994 0.3249 0.6132 0.4666 0.5429 0.418 0.5377 0.4454 0.5916 0.4839 0.3622 0.3663 0.3634
0.3386 0.4294 0.46 0.6649 0.6857 0.6928 0.4164 0.6442 0.5262 0.6911 0.5714 0.6077 0.5988 0.6525 0.3849 0.6632 0.4029 0.5916 0.3587 0.4379 0.5192 0.6155 0.4837 0.4682 0.5711 0.6741 0.6085 0.6764 0.5282 0.5468 0.5894 0.6366 0.5919 0.4328 0.4113 0.4249 0.558 0.4315 0.5097 0.387 0.6649 0.6952 0.6731 0.3338 0.3417 0.5589 0.644 0.4654
0.4528 0.4822 0.4886 0.5922 0.3034 0.6283 0.5441 0.423 0.6456 0.6918 0.3938 0.3116 0.3843 0.4399 0.416 0.6794 0.4016 0.6348 0.3157 0.466 0.5412 0.66 0.4052 0.6714 0.3819 0.6716 0.4729 0.524 0.6424 0.4499 0.4264 0.3121 0.33 0.443 0.5236 0.346 0.3582 0.6972 0.6332 0.6635 0.5886 0.6883 0.4792 0.5661 0.3377 0.4981 0.3027 0.525
0.5792 0.6937 0.6321 0.4069 0.5431 0.478 0.6242 0.4927 0.377 0.5172 0.5103 0.3317 0.4554 0.3201 0.4805 0.4957 0.5653 0.3816 0.6815 0.6412 0.6162 0.3699 0.6211 0.4044 0.3016 0.3522 0.5774 0.5528 0.4807 0.539 0.6337 0.5838 0.6689 0.6479 0.6447 0.6487 0.5177 0.3194 0.469 0.552 0.5188 0.3308 0.669 0.5409 0.4869 0.6014 0.5081 0.5684
0.5077 0.6835 0.3007 0.656 0.5165 0.3615 0.6087 0.5092 0.3725 0.5277 0.4053 0.4908 0.6005 0.3713 0.312 0.5379 0.5834 0.6264 0.3628 0.5074 0.3753 0.5318 0.678 0.5459 0.6125 0.4295 0.4224 0.5853 0.4009 0.3802 0.6175 0.4001 0.544 0.3089 0.3451 0.4972 0.5382 0.6776 0.3672 0.6073 0.3392 0.4354 0.5761 0.6899 0.6141 0.6781 0.6514 0.4474
0.3188 0.431 0.6575 0.5604 0.5386 0.3007 0.493 0.6758 0.3055 0.4548 0.3435 0.3869 0.6391 0.3233 0.4083 0.6923 0.6102 0.3052 0.6468 0.5916 0.3262 0.5148 0.6997 0.6057 0.5592 0.4554 0.4681 0.6398 0.6557 0.688 0.6317 0.6343 0.4781 0.6749 0.5665 0.6699 0.4226 0.357 0.5614 0.5433 0.5159 0.3693 0.4916 0.3833 0.6341 0.6803 0.6682 0.3159
0.3271 0.5838 0.3797 0.6088 0.3313 0.3598 0.4212 0.504 0.4312 0.3517 0.3012 0.3832 0.5325 0.5531 0.3201 0.3175 0.5231 0.4091 0.6087 0.6641 0.4567 0.4384 0.5696 0.5531 0.4437 0.4034 0.3757 0.6569 0.3231 0.6163 0.6716 0.5788 0.4872 0.4522 0.6127 0.3718 0.6083 0.3228 0.6029 0.4183 0.5537 0.3625 0.5386 0.3709 0.3558 0.4782 0.3108 0.6627
0.3491 0.4741 0.5602 0.5249 0.3715 0.304 0.5591 0.5887 0.3141 0.5265 0.4651 0.6279 0.6841 0.4643 0.4808 0.5148 0.38 0.4223 0.5959 0.3802 0.6404 0.6482 0.4091 0.5002 0.5061 0.4904 0.4104 0.3942 0.5998 0.4987 0.4973 0.6655 0.3926 0.4129 0.6077 0.549 0.3561 0.4466 0.5072 0.4832 0.5931 0.324 0.3576 0.3817 0.5577 0.675 0.4342 0.3893
0.5816 0.3237 0.6908 0.6335 0.5823 0.6305 0.3223 0.4008 0.3649 0.36 0.3187 0.5811 0.5935 0.4648 0.6889 0.5154 0.3292 0.4995 0.5353 0.5711 0.5565 0.6318 0.4587 0.6334 0.615 0.4127 0.4871 0.6164 0.5905 0.3273 0.6424 0.5311 0.3562 0.3211 0.5125 0.576 0.5079 0.5638 0.3832 0.4621 0.3906 0.5068 0.484 0.6961 0.4278 0.6261 0.5897 0.4283
0.335 0.5422 0.3525 0.3582 0.4397 0.563 0.5327 0.6498 0.565 0.3574 0.3184 0.4695 0.4433 0.4058 0.5103 0.3375 0.4175 0.4876 0.5248 0.5723 0.6522 0.4128 0.3075 0.4654 0.4163 0.3731 0.4805 0.3497 0.4478 0.4626 0.5055 0.6888 0.5229 0.3588 0.5813 0.3483 0.6748 0.5842 0.3914 0.4931 0.4883 0.5627 0.311 0.4504 0.5453 0.6136 0.3187 0.6847
0.6965 0.4464 0.5785 0.6402 0.4013 0.3173 0.476 0.6222 0.5347 0.5871 0.6418 0.3665 0.3825 0.483 0.502 0.4023 0.5518 0.3295 0.6466 0.3845 0.5245 0.4619 0.3627 0.5333 0.3962 0.3317 0.384 0.3894 0.4017 0.557 0.62 0.5027 0.3544 0.4957 0.3531 0.3013 0.584 0.5652 0.5875 0.5056 0.5827 0.659 0.5135 0.3876 0.6423 0.3248 0.4105 0.3053
0.3607 0.6086 0.5985 0.5157 0.667 0.6341 0.4601 0.5345 0.3836 0.3451 0.544 0.3695 0.6333 0.3866 0.5204 0.6777 0.667 0.4391 0.312 0.5867 0.4298 0.5006 0.5182 0.6866 0.442 0.4409 0.5018 0.5654 0.6484 0.675 0.5909 0.3713 0.6211 0.3787 0.3287 0.4931 0.6584 0.4042 0.5356 0.4202 0.3356 0.5185 0.6176 0.5388 0.3212 0.518 0.5723 0.4961
0.4386 0.5358 0.4205 0.5032 0.3127 0.5237 0.5754 0.56 0.3903 0.6119 0.3737 0.526 0.4323 0.5947 0.5861 0.4085 0.4542 0.4726 0.4483 0.5546 0.3578 0.3273 0.3192 0.5628 0.6034 0.5917 0.5511 0.6113 0.583 0.6793 0.6654 0.6239 0.5686 0.3057 0.4268 0.4125 0.5545 0.3877 0.3585 0.3973 0.5033 0.4687 0.4027 0.3465 0.3305 0.3096 0.6879 0.4409
0.6324 0.509 0.3846 0.5485 0.3696 0.3176 0.4382 0.4113 0.5166 0.5577 0.5997 0.4209 0.6726 0.6641 0.677 0.4109 0.6464 0.4497 0.6573 0.4265 0.4678 0.4735 0.554 0.3664 0.4141 0.3509 0.3512 0.5891 0.6246 0.6727 0.5323 0.5937 0.6038 0.4102 0.6788 0.3739 0.5947 0.4169 0.5543 0.5509 0.5674 0.3154 0.5959 0.6967 0.488 0.6375 0.4247 0.5392
0.4916 0.6917 0.4 0.5807 0.3523 0.5613 0.673 0.4588 0.6549 0.3182 0.4343 0.3187 0.6664 0.5491 0.4867 0.5438 0.3254 0.3059 0.5171 0.5623 0.6852 0.6031 0.5162 0.5295 0.5954 0.4063 0.5591 0.4523 0.5776 0.5573 0.5783 0.4765 0.6261 0.512 0.3974 0.6328 0.5727 0.6515 0.5414 0.3424 0.4372 0.5199 0.4189 0.5764 0.6825 0.5355 0.5845 0.3182
0.5287 0.352 0.6713 0.4821 0.4204 0.5623 0.5539 0.5885 0.4754 0.5704 0.6852 0.646 0.3022 0.5206 0.5812 0.3976 0.4398 0.6578 0.3925 0.4543 0.4517 0.5538 0.6711 0.3738 0.4645 0.4746 0.4251 0.4652 0.4842 0.6398 0.5469 0.3598 0.5217 0.5408 0.6236 0.5255 0.586 0.3962 0.356 0.3638 0.6581 0.5088 0.4574 0.3023 0.6663 0.5954 0.3402 0.6165
0.6387 0.3212 0.4366 0.3247 0.443 0.4302 0.5665 0.6749 0.3809 0.5974 0.3176 0.6457 0.4371 0.3886 0.4043 0.5356 0.3234 0.6254 0.4242 0.4613 0.597 0.3556 0.5116 0.3435 0.6017 0.3287 0.4962 0.6428 0.3963 0.6688 0.4075 0.569 0.4344 0.5086 0.5265 0.4629 0.5032 0.5222 0.6168 0.3915 0.6743 0.6486 0.4445 0.6885 0.3786 0.4103 0.6266 0.5694
0.4044 0.6218 0.6788 0.3409 0.4711 0.5789 0.3195 0.583 0.5095 0.393 0.4229 0.4143 0.6339 0.6236 0.5785 0.4121 0.4899 0.4485 0.5112 0.6285 0.5621 0.6414 0.3324 0.5011 0.3085 0.3327 0.487 0.6483 0.611 0.5231 0.6649 0.4914 0.402 0.6268 0.5384 0.4745 0.6899 0.3665 0.3979 0.5555 0.489 0.6434 0.6533 0.4102 0.3993 0.5024 0.4575 0.3506
0.37 0.3324 0.4985 0.6301 0.599 0.698 0.3072 0.463 0.5893 0.4776 0.3323 0.4383 0.3918 0.3712 0.672 0.6864 0.428 0.6315 0.3122 0.3071 0.3852 0.4039 0.4222 0.4233 0.3505 0.6557 0.4395 0.6187 0.688 0.6222 0.4018 0.5061 0.5752 0.4363 0.5782 0.5786 0.3245 0.3347 0.5923 0.404 0.6195 0.3753 0.5852 0.5122 0.3342 0.6595 0.4636 0.4178
0.6713 0.6669 0.6821 0.4677 0.4901 0.4503 0.6654 0.6661 0.6102 0.3751 0.5796 0.6433 0.5585 0.3885 0.475 0.6671 0.3758 0.5262 0.5631 0.6555 0.4929 0.3933 0.6618 0.3933 0.3391 0.6082 0.3875 0.3098 0.5187 0.6099 0.3891 0.3909 0.492 0.3217 0.6473 0.3211 0.6401 0.634 0.3159 0.4248 0.4709 0.6121 0.6684 0.6494 0.4551 0.649 0.5454 0.531
0.6003 0.618 0.4364 0.508 0.3964 0.5081 0.6248 0.5779 0.305 0.5887 0.4285 0.5819 0.3627 0.6555 0.4473 0.3002 0.686 0.4886 0.4512 0.5368 0.4411 0.4538 0.327 0.4417 0.5102 0.4382 0.4846 0.5808 0.4249 0.3124 0.6382 0.3901 0.3627 0.5565 0.4095 0.6007 0.4735 0.581 0.6945 0.6839 0.3968 0.3693 0.3161 0.3513 0.5054 0.434 0.362 0.5153
0.4648 0.6681 0.6633 0.6664 0.4978 0.3086 0.3899 0.4464 0.591 0.6946 0.6978 0.6581 0.3234 0.344 0.453 0.6925 0.6505 0.3384 0.5191 0.5062 0.5459 0.5465 0.5266 0.4049 0.4941 0.4672 0.4399 0.3718 0.4377 0.6756 0.6362 0.3762 0.3762 0.6692 0.416 0.4567 0.3491 0.6717 0.5922 0.3541 0.4665 0.663 0.3097 0.4789 0.5832 0.3363 0.6605 0.3528
0.6163 0.3235 0.4008 0.467 0.6149 0.5557 0.6694 0.6182 0.4415 0.5584 0.4722 0.3306 0.5687 0.3181 0.3087 0.6153 0.3583 0.6215 0.5819 0.3541 0.628 0.6962 0.6434 0.6787 0.4462 0.4649 0.3396 0.5828 0.5368 0.3477 0.5216 0.4577 0.5067 0.3871 0.4554 0.4142 0.5748 0.4692 0.4612 0.5204 0.6998 0.4978 0.3152 0.4907 0.4995 0.5616 0.4854 0.4484
